0 0.422750 0.390473 0.033500 0.050263
1 0.464250 0.361215 0.030500 0.045761
1 0.485000 0.421605 0.031000 0.046512
1 0.506000 0.479745 0.031000 0.048762
5 0.442250 0.453488 0.035500 0.048762
2 0.462000 0.516504 0.033000 0.048762
1 0.525500 0.542761 0.030000 0.044261
1 0.546000 0.604276 0.030000 0.044261
1 0.566500 0.662791 0.030000 0.044261
1 0.588500 0.722056 0.030000 0.044261
1 0.608000 0.785071 0.030000 0.044261
3 0.484000 0.573143 0.036000 0.054014
4 0.506750 0.644411 0.036500 0.054014
2 0.525000 0.694674 0.033000 0.048012
5 0.549000 0.752813 0.036000 0.050263
0 0.567000 0.819955 0.033000 0.051013
6 0.813250 0.630158 0.028500 0.043511
6 0.792750 0.567142 0.028500 0.043511
6 0.770750 0.507127 0.028500 0.043511
6 0.750750 0.444861 0.028500 0.043511
6 0.733750 0.384096 0.028500 0.043511
6 0.712750 0.323331 0.028500 0.043511
6 0.691750 0.261815 0.028500 0.043511
6 0.669750 0.202551 0.028500 0.043511
7 0.708000 0.164291 0.033000 0.049512
8 0.730250 0.225431 0.032500 0.048762
9 0.749500 0.291448 0.034000 0.050263
10 0.774750 0.352213 0.039500 0.053263
11 0.795000 0.411853 0.041000 0.051013
9 0.812500 0.475244 0.033000 0.051763
8 0.834000 0.533008 0.035000 0.048762
7 0.855000 0.593398 0.032000 0.051013
