12 0.126538 0.233846 0.079231 0.069231
12 0.234615 0.234615 0.070769 0.070769
12 0.342308 0.234615 0.064615 0.067692
12 0.446923 0.234615 0.064615 0.066154
12 0.553462 0.233846 0.065385 0.069231
12 0.657692 0.234231 0.063077 0.066923
12 0.762692 0.236923 0.071538 0.070769
12 0.873462 0.233462 0.079231 0.073077
10 0.122692 0.121923 0.097692 0.099231
10 0.874615 0.123846 0.101538 0.096923
7 0.227692 0.115000 0.098462 0.108462
7 0.769231 0.115385 0.096923 0.107692
8 0.341538 0.121923 0.080000 0.097692
8 0.658077 0.122692 0.082308 0.103846
11 0.446923 0.111923 0.081538 0.117692
5 0.551538 0.110385 0.083077 0.120769
9 0.125385 0.762308 0.076923 0.070769
9 0.234615 0.763077 0.066154 0.067692
9 0.343462 0.761538 0.063846 0.066154
9 0.446538 0.764231 0.065385 0.065385
9 0.550769 0.761538 0.066154 0.070769
9 0.657308 0.764231 0.063846 0.071538
9 0.761923 0.761538 0.071538 0.073846
9 0.872308 0.763462 0.076923 0.068462
4 0.124231 0.874231 0.096154 0.096154
6 0.231154 0.879231 0.097692 0.112308
6 0.771154 0.880385 0.097692 0.108462
4 0.876154 0.877692 0.095385 0.098462
3 0.341538 0.874231 0.080000 0.096154
3 0.657692 0.874615 0.080000 0.103077
2 0.446154 0.880385 0.080000 0.119231
1 0.552692 0.883846 0.080769 0.115385
