1 0.195769 0.156444 0.059231 0.061335
1 0.793462 0.166149 0.062308 0.065217
2 0.281538 0.159161 0.058462 0.063665
2 0.705385 0.166537 0.056923 0.061335
3 0.365769 0.162655 0.057692 0.059783
3 0.622692 0.165761 0.057692 0.061335
11 0.455000 0.161879 0.060769 0.070652
4 0.541154 0.163043 0.060769 0.068323
0 0.198462 0.252329 0.050769 0.049689
0 0.286154 0.257376 0.050769 0.048913
0 0.366154 0.252329 0.052308 0.049689
0 0.452308 0.253882 0.050769 0.049689
0 0.537692 0.252717 0.050769 0.052019
0 0.620000 0.255823 0.052308 0.052019
0 0.711154 0.250388 0.050000 0.048913
0 0.790769 0.255435 0.052308 0.049689
5 0.205000 0.686335 0.050000 0.048137
5 0.285769 0.685559 0.050000 0.048137
5 0.366154 0.690994 0.050769 0.051242
5 0.456154 0.684006 0.050769 0.051242
5 0.540000 0.689441 0.050769 0.051242
5 0.628462 0.687112 0.050769 0.051242
5 0.710000 0.687112 0.050769 0.051242
5 0.801538 0.685559 0.050769 0.051242
6 0.194231 0.770575 0.063846 0.061335
6 0.800769 0.772904 0.058462 0.058230
7 0.285769 0.774845 0.059231 0.062112
7 0.713077 0.773292 0.061538 0.063665
8 0.371538 0.765916 0.058462 0.064441
8 0.627692 0.771351 0.058462 0.056677
10 0.455000 0.776009 0.062308 0.059783
9 0.539615 0.769798 0.060769 0.064441
