0 0.165556 0.250000 0.086667 0.072650
0 0.265556 0.251068 0.073333 0.070513
0 0.361111 0.251068 0.073333 0.074786
0 0.448889 0.248932 0.071111 0.070513
0 0.545556 0.250000 0.073333 0.076923
0 0.643333 0.248932 0.073333 0.070513
0 0.740000 0.248932 0.075556 0.074786
0 0.835556 0.250000 0.084444 0.072650
1 0.153333 0.141026 0.102222 0.098291
1 0.844444 0.144231 0.106667 0.104701
2 0.254444 0.141026 0.077778 0.102564
2 0.743333 0.139957 0.077778 0.100427
3 0.353333 0.145299 0.075556 0.094017
3 0.638889 0.147436 0.077778 0.102564
11 0.453333 0.137821 0.084444 0.130342
4 0.546667 0.143162 0.080000 0.111111
5 0.166667 0.709402 0.084444 0.072650
5 0.263333 0.712607 0.077778 0.074786
5 0.358889 0.705128 0.068889 0.068376
5 0.457778 0.710470 0.071111 0.074786
5 0.550000 0.711538 0.068889 0.072650
5 0.640000 0.704060 0.071111 0.070513
5 0.740000 0.709402 0.075556 0.072650
5 0.835556 0.709402 0.084444 0.076923
6 0.155556 0.810897 0.106667 0.100427
6 0.846667 0.810897 0.106667 0.104701
7 0.261111 0.816239 0.077778 0.098291
7 0.737778 0.808761 0.075556 0.096154
8 0.355556 0.806624 0.075556 0.100427
8 0.641111 0.807692 0.077778 0.094017
10 0.452222 0.817308 0.086667 0.126068
9 0.550000 0.813034 0.082222 0.113248
