4 0.107813 0.095323 0.101875 0.100651
4 0.914687 0.102131 0.098125 0.090586
3 0.333437 0.101835 0.085625 0.101835
3 0.663750 0.076377 0.086250 0.103020
6 0.793125 0.107756 0.093750 0.099467
6 0.107500 0.313203 0.087500 0.097099
9 0.109687 0.215216 0.083125 0.075192
9 0.217812 0.212848 0.080625 0.078745
9 0.332813 0.229722 0.073125 0.069864
9 0.440312 0.420663 0.074375 0.065719
9 0.534687 0.234754 0.069375 0.075192
9 0.631875 0.193310 0.072500 0.071640
9 0.765625 0.232978 0.075000 0.074008
9 0.874375 0.214624 0.087500 0.076377
12 0.447500 0.527531 0.072500 0.065127
8 0.657813 0.530195 0.084375 0.078745
8 0.668125 0.825933 0.086250 0.094731
12 0.105000 0.714328 0.087500 0.070456
12 0.223125 0.705151 0.076250 0.071048
12 0.353438 0.708111 0.073125 0.071048
12 0.560625 0.728834 0.071250 0.071048
12 0.686250 0.711072 0.072500 0.067496
12 0.773750 0.719065 0.086250 0.075192
12 0.865625 0.687981 0.088750 0.068680
10 0.114375 0.814979 0.098750 0.085850
10 0.877812 0.827413 0.099375 0.084665
7 0.229063 0.825340 0.083125 0.106572
7 0.772188 0.830077 0.096875 0.099467
11 0.446562 0.828893 0.093125 0.116045
5 0.560000 0.830077 0.086250 0.118413
