4 0.122692 0.121223 0.083846 0.075540
4 0.864615 0.123022 0.084615 0.079137
6 0.219231 0.125540 0.098462 0.076978
6 0.763077 0.124820 0.073846 0.074101
3 0.337308 0.125899 0.070000 0.079137
3 0.648462 0.127698 0.070769 0.078417
1 0.443846 0.117266 0.069231 0.102158
2 0.544615 0.114029 0.067692 0.104317
9 0.127692 0.229137 0.075385 0.056835
9 0.231923 0.228058 0.060769 0.056115
9 0.337692 0.229856 0.055385 0.059712
9 0.440769 0.227698 0.050769 0.055396
9 0.543077 0.229137 0.050769 0.059712
9 0.650769 0.228058 0.055385 0.057554
9 0.751923 0.229137 0.062308 0.059712
9 0.860385 0.227338 0.066923 0.056115
12 0.124615 0.713309 0.072308 0.056835
12 0.230000 0.714029 0.063077 0.059712
12 0.334615 0.713309 0.055385 0.055396
12 0.440769 0.714029 0.052308 0.059712
12 0.543846 0.714029 0.052308 0.061151
12 0.646923 0.714388 0.055385 0.057554
12 0.752308 0.714388 0.061538 0.057554
12 0.859231 0.712950 0.070769 0.060432
10 0.116923 0.819424 0.086154 0.080576
10 0.863846 0.818345 0.086154 0.081295
7 0.221538 0.812590 0.096923 0.074101
7 0.764615 0.813309 0.080000 0.074101
8 0.337308 0.812950 0.071538 0.079137
8 0.648846 0.811151 0.070000 0.075540
5 0.546154 0.823022 0.067692 0.107914
11 0.440385 0.821583 0.070000 0.105036
