3 0.526500 0.109445 0.083000 0.101949
9 0.401000 0.150675 0.080000 0.100450
10 0.459500 0.255622 0.041000 0.103448
4 0.398000 0.337331 0.062000 0.065967
12 0.503000 0.440030 0.046000 0.070465
12 0.868000 0.026987 0.046000 0.050975
10 0.549500 0.514993 0.039000 0.058471
10 0.641500 0.525487 0.041000 0.061469
10 0.650500 0.394303 0.039000 0.056972
10 0.754500 0.280360 0.041000 0.059970
10 0.908000 0.110945 0.040000 0.059970
10 0.969500 0.382309 0.041000 0.056972
10 0.841000 0.447526 0.040000 0.064468
7 0.610500 0.320840 0.045000 0.065967
7 0.763000 0.134183 0.044000 0.064468
9 0.814000 0.085457 0.046000 0.068966
8 0.710000 0.197151 0.056000 0.079460
11 0.660500 0.256372 0.055000 0.086957
4 0.730500 0.686657 0.037000 0.053973
4 0.828000 0.574963 0.034000 0.049475
4 0.716000 0.820840 0.038000 0.058471
4 0.863000 0.650675 0.038000 0.059970
4 0.898500 0.724888 0.039000 0.061469
6 0.781500 0.973763 0.045000 0.052474
3 0.835000 0.919790 0.048000 0.070465
1 0.887500 0.861319 0.047000 0.064468
5 0.944000 0.794603 0.062000 0.080960
