0 0.197917 0.270101 0.048611 0.052764
0 0.283565 0.277638 0.048611 0.052764
0 0.364583 0.272613 0.048611 0.052764
0 0.452546 0.272613 0.048611 0.052764
0 0.535880 0.270101 0.048611 0.052764
0 0.616898 0.275126 0.048611 0.052764
0 0.709491 0.267588 0.048611 0.052764
0 0.788194 0.275126 0.048611 0.052764
1 0.195602 0.169598 0.057870 0.072864
1 0.792824 0.178392 0.057870 0.070352
2 0.281250 0.174623 0.057870 0.067839
2 0.704861 0.177136 0.057870 0.067839
3 0.365741 0.175879 0.055556 0.065327
3 0.622685 0.175879 0.055556 0.065327
11 0.454861 0.173367 0.067130 0.080402
4 0.540509 0.174623 0.062500 0.077889
5 0.204861 0.737437 0.053241 0.057789
5 0.285880 0.734925 0.053241 0.057789
5 0.364583 0.742462 0.053241 0.057789
5 0.454861 0.737437 0.053241 0.057789
5 0.538194 0.742462 0.053241 0.057789
5 0.626157 0.737437 0.053241 0.057789
5 0.709491 0.737437 0.053241 0.057789
5 0.797454 0.734925 0.053241 0.057789
6 0.194444 0.827889 0.060185 0.062814
7 0.284722 0.832915 0.060185 0.067839
8 0.370370 0.824121 0.060185 0.070352
10 0.453704 0.834171 0.064815 0.065327
9 0.541667 0.826633 0.064815 0.075377
8 0.628472 0.829146 0.053241 0.060302
7 0.712963 0.826633 0.064815 0.075377
6 0.799769 0.832915 0.057870 0.062814
