6 0.128462 0.154083 0.095385 0.102722
6 0.726923 0.130817 0.083077 0.112379
2 0.420385 0.117208 0.080769 0.167691
5 0.313846 0.234855 0.110769 0.143108
3 0.209231 0.258121 0.095385 0.110623
3 0.525769 0.236172 0.066923 0.110623
1 0.728077 0.234855 0.090000 0.116769
1 0.432692 0.466198 0.070000 0.080773
4 0.323846 0.477612 0.072308 0.073749
4 0.743846 0.473222 0.069231 0.070237
12 0.119231 0.485953 0.103077 0.078139
12 0.206154 0.728270 0.098462 0.086918
8 0.427308 0.736172 0.090000 0.118525
9 0.641538 0.597454 0.083077 0.088674
9 0.316923 0.603600 0.086154 0.086918
11 0.532692 0.352941 0.079231 0.124671
7 0.836538 0.225637 0.106923 0.122915
7 0.636154 0.470149 0.081538 0.086918
10 0.225769 0.373573 0.076154 0.076383
10 0.626923 0.252853 0.066154 0.087796
10 0.531154 0.591308 0.066923 0.072871
10 0.746923 0.710272 0.080000 0.073749
10 0.859615 0.701932 0.083846 0.072871
