6 0.117333 0.117813 0.068000 0.061875
5 0.227000 0.120938 0.055333 0.050625
5 0.227667 0.222188 0.055333 0.050625
5 0.225000 0.312188 0.055333 0.050625
5 0.227000 0.425938 0.055333 0.050625
5 0.225667 0.526563 0.055333 0.050625
5 0.227667 0.624687 0.055333 0.050625
5 0.226333 0.728437 0.055333 0.050625
5 0.223667 0.830313 0.055333 0.050625
6 0.115667 0.829375 0.064667 0.060000
7 0.120667 0.220312 0.068000 0.056875
7 0.114333 0.726562 0.074000 0.061875
8 0.120667 0.322500 0.065333 0.055000
8 0.121333 0.622812 0.064000 0.058125
10 0.116000 0.425312 0.081333 0.066875
9 0.116000 0.530937 0.081333 0.066875
1 0.881667 0.116250 0.070000 0.060000
1 0.883000 0.838125 0.070000 0.066250
2 0.883667 0.220000 0.079333 0.063750
2 0.879333 0.736875 0.072000 0.065000
3 0.874000 0.323125 0.069333 0.062500
3 0.879333 0.629687 0.070667 0.059375
11 0.877000 0.426563 0.086000 0.069375
4 0.878333 0.527813 0.086000 0.070625
0 0.773000 0.116562 0.058000 0.053125
0 0.770000 0.222188 0.056000 0.053125
0 0.765667 0.322500 0.056667 0.051250
0 0.766333 0.429063 0.055333 0.050625
0 0.763667 0.529062 0.052667 0.051875
0 0.765667 0.631250 0.056667 0.053750
0 0.762333 0.728750 0.054000 0.052500
0 0.765000 0.835000 0.058000 0.056250
