6 0.281923 0.222645 0.037692 0.055186
6 0.280385 0.758325 0.034615 0.049477
3 0.276538 0.303045 0.043846 0.052331
3 0.276538 0.672693 0.045385 0.049477
1 0.277692 0.376784 0.041538 0.049477
1 0.282692 0.601808 0.037692 0.040913
2 0.280385 0.451475 0.046923 0.056137
5 0.277692 0.523311 0.046154 0.049477
4 0.343462 0.227402 0.033077 0.045671
4 0.346538 0.304948 0.031538 0.046622
4 0.343462 0.382017 0.036154 0.048525
4 0.344231 0.454805 0.034615 0.043768
4 0.345000 0.528069 0.031538 0.041865
4 0.344231 0.607517 0.033077 0.040913
4 0.341538 0.682683 0.032308 0.039010
4 0.340769 0.759753 0.033846 0.046622
10 0.645385 0.227402 0.036923 0.049477
10 0.647692 0.298763 0.038462 0.043768
10 0.646923 0.376308 0.036923 0.040913
10 0.645385 0.450048 0.035385 0.039962
10 0.648846 0.530923 0.039231 0.039962
10 0.648846 0.608468 0.039231 0.040913
10 0.651538 0.682207 0.038462 0.039962
10 0.649231 0.763559 0.038462 0.042816
12 0.715000 0.218363 0.048462 0.056137
12 0.720769 0.759277 0.046154 0.055186
9 0.720000 0.294957 0.055385 0.047574
9 0.720769 0.681732 0.055385 0.046622
7 0.720769 0.598002 0.050769 0.046622
7 0.715769 0.378687 0.051538 0.049477
8 0.723462 0.457184 0.065385 0.052331
11 0.718846 0.533302 0.066923 0.052331
