7 0.088136 0.162850 0.098305 0.117048
7 0.548305 0.667939 0.072881 0.109415
5 0.084746 0.492366 0.122034 0.129771
10 0.086441 0.690840 0.098305 0.109415
10 0.212712 0.865140 0.086441 0.122137
12 0.217797 0.150127 0.066102 0.101781
12 0.206780 0.337150 0.064407 0.083969
12 0.566949 0.332061 0.059322 0.089059
12 0.336441 0.681934 0.062712 0.086514
8 0.558475 0.854962 0.072881 0.117048
12 0.798305 0.849873 0.074576 0.096692
9 0.336441 0.162850 0.066102 0.101781
3 0.332203 0.335878 0.061017 0.091603
9 0.660169 0.674300 0.059322 0.086514
4 0.912712 0.860051 0.089831 0.122137
3 0.911864 0.680662 0.088136 0.109415
11 0.338136 0.508906 0.093220 0.127226
6 0.916102 0.152672 0.103390 0.117048
1 0.926271 0.497455 0.123729 0.124682
