9 0.265254 0.450301 0.072881 0.081325
10 0.728814 0.090361 0.071186 0.120482
6 0.465254 0.096386 0.045763 0.102410
6 0.590678 0.105422 0.049153 0.102410
8 0.526271 0.225904 0.045763 0.084337
5 0.273729 0.221386 0.045763 0.075301
5 0.338136 0.222892 0.038983 0.072289
5 0.655932 0.213855 0.044068 0.078313
5 0.656780 0.329819 0.038983 0.069277
5 0.718644 0.331325 0.047458 0.072289
5 0.400000 0.439759 0.044068 0.072289
7 0.590678 0.319277 0.049153 0.108434
4 0.529661 0.326807 0.049153 0.093373
0 0.722034 0.444277 0.044068 0.075301
0 0.463559 0.564759 0.038983 0.075301
11 0.335593 0.909639 0.064407 0.120482
3 0.593220 0.554217 0.047458 0.078313
0 0.272034 0.787651 0.045763 0.075301
0 0.338136 0.784639 0.042373 0.075301
0 0.400000 0.789157 0.047458 0.078313
0 0.592373 0.781627 0.042373 0.075301
0 0.651695 0.786145 0.042373 0.072289
1 0.465254 0.906627 0.049153 0.096386
1 0.722034 0.902108 0.050847 0.093373
