1 0.228250 0.101275 0.035500 0.063016
1 0.751500 0.112153 0.042000 0.060765
2 0.300750 0.109152 0.039500 0.065266
2 0.676250 0.100900 0.036500 0.072768
3 0.381000 0.113653 0.036000 0.062266
3 0.597000 0.110653 0.035000 0.062266
11 0.449750 0.106902 0.044500 0.080270
4 0.525000 0.111778 0.041000 0.075019
0 0.229000 0.219055 0.036000 0.049512
0 0.302750 0.217929 0.033500 0.051763
0 0.378000 0.218305 0.032000 0.051013
0 0.454000 0.227307 0.030000 0.049512
0 0.524500 0.226932 0.035000 0.050263
0 0.594500 0.231808 0.033000 0.049512
0 0.666000 0.221680 0.033000 0.050263
0 0.741000 0.224681 0.033000 0.048762
5 0.231500 0.767817 0.031000 0.047262
5 0.305000 0.763316 0.034000 0.048762
5 0.378750 0.771193 0.031500 0.048012
5 0.454250 0.768942 0.031500 0.048012
5 0.522750 0.773443 0.031500 0.048012
5 0.598250 0.768942 0.031500 0.048012
5 0.668250 0.763691 0.031500 0.048012
5 0.745250 0.768942 0.031500 0.048012
6 0.232000 0.889722 0.036000 0.057014
6 0.760000 0.879220 0.037000 0.055514
7 0.304500 0.887097 0.037000 0.065266
7 0.669000 0.884846 0.037000 0.074269
8 0.378500 0.885971 0.037000 0.055514
8 0.595250 0.884471 0.034500 0.055514
9 0.526250 0.882971 0.042500 0.070518
10 0.447750 0.881470 0.041500 0.075019
