6 0.281414 0.146429 0.075916 0.107143
4 0.353403 0.158929 0.052356 0.082143
4 0.350785 0.246429 0.052356 0.071429
4 0.354712 0.330357 0.049738 0.053571
4 0.350785 0.416071 0.052356 0.053571
4 0.352094 0.498214 0.049738 0.046429
4 0.350785 0.582143 0.052356 0.057143
4 0.352094 0.669643 0.049738 0.060714
4 0.352094 0.757143 0.049738 0.078571
6 0.281414 0.766071 0.075916 0.096429
3 0.285340 0.248214 0.068063 0.075000
3 0.285340 0.664286 0.068063 0.071429
1 0.285340 0.583929 0.068063 0.067857
1 0.285340 0.330357 0.068063 0.075000
5 0.277487 0.500000 0.083770 0.064286
2 0.282723 0.414286 0.073298 0.057143
10 0.659686 0.160714 0.052356 0.071429
10 0.660995 0.244643 0.054974 0.075000
10 0.659686 0.330357 0.052356 0.060714
10 0.660995 0.414286 0.054974 0.057143
10 0.659686 0.492857 0.057592 0.057143
10 0.662304 0.580357 0.052356 0.060714
10 0.659686 0.667857 0.057592 0.071429
10 0.663613 0.753571 0.054974 0.078571
12 0.731675 0.148214 0.075916 0.096429
12 0.731675 0.766071 0.075916 0.103571
9 0.729058 0.666071 0.075916 0.075000
9 0.730366 0.250000 0.073298 0.078571
7 0.732984 0.330357 0.073298 0.075000
7 0.727749 0.582143 0.073298 0.071429
8 0.735602 0.498214 0.078534 0.060714
11 0.739529 0.412500 0.091623 0.060714
