6 0.281046 0.164216 0.039216 0.063725
6 0.720588 0.172794 0.042484 0.061275
4 0.288399 0.262255 0.034314 0.049020
4 0.352941 0.261029 0.035948 0.051471
4 0.415033 0.259804 0.032680 0.053922
4 0.468954 0.269608 0.032680 0.049020
4 0.536765 0.267157 0.031046 0.049020
4 0.600490 0.268382 0.031046 0.051471
4 0.661765 0.268382 0.032680 0.046569
4 0.721405 0.267157 0.034314 0.049020
3 0.348039 0.159314 0.039216 0.078431
3 0.660131 0.159314 0.039216 0.078431
1 0.410131 0.164216 0.039216 0.063725
1 0.600490 0.169118 0.037582 0.058824
2 0.476307 0.159314 0.040850 0.078431
5 0.535131 0.161765 0.040850 0.083333
10 0.279412 0.715686 0.039216 0.049020
10 0.349673 0.723039 0.035948 0.053922
10 0.415033 0.719363 0.035948 0.051471
10 0.470588 0.726716 0.035948 0.056373
10 0.534314 0.727941 0.039216 0.053922
10 0.591503 0.729167 0.035948 0.056373
10 0.657680 0.730392 0.040850 0.053922
10 0.719771 0.731618 0.037582 0.056373
12 0.281046 0.832108 0.042484 0.061275
12 0.727124 0.832108 0.045752 0.061275
9 0.345588 0.835784 0.040850 0.068627
9 0.664216 0.835784 0.040850 0.068627
7 0.596405 0.818627 0.042484 0.058824
7 0.407680 0.835784 0.037582 0.063725
8 0.473856 0.828431 0.042484 0.068627
11 0.534314 0.829657 0.039216 0.066176
