12 0.501875 0.296914 0.048750 0.038365
9 0.443125 0.330275 0.048750 0.035029
12 0.126875 0.536280 0.053750 0.030025
9 0.174375 0.501668 0.053750 0.032527
7 0.397500 0.366972 0.050000 0.033361
7 0.235000 0.469141 0.050000 0.030859
11 0.338750 0.399083 0.065000 0.040867
8 0.283750 0.433695 0.065000 0.040033
10 0.549375 0.338198 0.038750 0.029191
10 0.501250 0.370309 0.040000 0.030025
10 0.446250 0.402419 0.042500 0.024187
10 0.394375 0.437448 0.038750 0.027523
10 0.333125 0.470809 0.043750 0.029191
10 0.280000 0.505838 0.040000 0.024187
10 0.229375 0.539616 0.043750 0.026689
10 0.178750 0.570058 0.040000 0.025855
4 0.795000 0.515430 0.050000 0.026689
4 0.745625 0.548374 0.041250 0.025855
4 0.691250 0.580484 0.037500 0.028357
4 0.641250 0.614262 0.040000 0.025855
4 0.589375 0.648040 0.038750 0.026689
4 0.536875 0.681401 0.043750 0.028357
4 0.487500 0.716013 0.045000 0.032527
4 0.433750 0.753545 0.042500 0.029191
6 0.476250 0.795246 0.052500 0.040867
6 0.851875 0.549625 0.051250 0.031693
3 0.791250 0.591326 0.050000 0.033361
3 0.546875 0.754379 0.051250 0.035863
1 0.749375 0.611760 0.048750 0.030859
1 0.581875 0.720183 0.041250 0.030859
2 0.693125 0.657214 0.056250 0.043369
5 0.635000 0.677648 0.052500 0.042535
