12 0.188333 0.481667 0.050000 0.056667
12 0.260000 0.481667 0.046667 0.050000
12 0.330000 0.480000 0.046667 0.053333
12 0.396667 0.621667 0.046667 0.050000
12 0.468333 0.478333 0.050000 0.056667
12 0.541667 0.478333 0.050000 0.050000
12 0.611667 0.476667 0.056667 0.053333
12 0.683333 0.473333 0.066667 0.053333
10 0.188333 0.403333 0.056667 0.073333
7 0.255000 0.401667 0.056667 0.083333
8 0.328333 0.401667 0.050000 0.076667
5 0.395000 0.398333 0.056667 0.090000
11 0.471667 0.400000 0.070000 0.086667
8 0.543333 0.398333 0.066667 0.076667
7 0.611667 0.396667 0.070000 0.080000
10 0.691667 0.401667 0.083333 0.076667
9 0.190000 0.841667 0.046667 0.050000
9 0.258333 0.841667 0.043333 0.050000
9 0.331667 0.836667 0.043333 0.046667
9 0.463333 0.836667 0.046667 0.053333
9 0.541667 0.838333 0.050000 0.050000
9 0.613333 0.838333 0.060000 0.050000
9 0.686667 0.833333 0.066667 0.046667
9 0.395000 0.693333 0.043333 0.046667
4 0.696667 0.920000 0.080000 0.073333
4 0.185000 0.921667 0.056667 0.076667
6 0.260000 0.923333 0.053333 0.080000
3 0.330000 0.921667 0.053333 0.076667
1 0.401667 0.926667 0.063333 0.086667
2 0.473333 0.923333 0.066667 0.086667
3 0.546667 0.921667 0.066667 0.070000
6 0.615000 0.918333 0.063333 0.083333
