4 0.295385 0.130399 0.083077 0.109635
4 0.290385 0.214701 0.080769 0.100498
4 0.289231 0.310631 0.090769 0.083056
4 0.271923 0.415282 0.090000 0.063123
4 0.283846 0.533638 0.092308 0.063953
4 0.278077 0.632060 0.088462 0.074751
4 0.282308 0.718854 0.084615 0.085548
4 0.271154 0.832641 0.088462 0.107143
6 0.189231 0.120432 0.127692 0.142857
6 0.169231 0.845100 0.138462 0.130399
3 0.190000 0.213040 0.123077 0.108804
3 0.173077 0.760382 0.133846 0.118771
1 0.159615 0.635382 0.146923 0.093023
1 0.190769 0.309385 0.123077 0.105482
5 0.159231 0.419435 0.164615 0.094684
2 0.138846 0.517857 0.196154 0.083887
10 0.729615 0.828904 0.083846 0.109635
10 0.745385 0.739203 0.086154 0.096346
10 0.736154 0.645764 0.084615 0.077243
10 0.735385 0.526993 0.081538 0.068937
10 0.732692 0.443937 0.068462 0.052326
10 0.738462 0.325166 0.081538 0.082226
10 0.742692 0.222176 0.079231 0.097176
12 0.843846 0.111296 0.115385 0.141196
12 0.860385 0.855066 0.128462 0.138704
9 0.861923 0.738372 0.136154 0.116279
9 0.867308 0.233804 0.137692 0.123754
7 0.851923 0.333887 0.130000 0.091362
7 0.860000 0.649917 0.138462 0.098837
11 0.868077 0.550664 0.168462 0.098007
8 0.880385 0.420681 0.173077 0.103821
