4 0.217308 0.100000 0.076923 0.085185
4 0.225962 0.209259 0.078846 0.074074
4 0.219231 0.321296 0.076923 0.068519
4 0.224038 0.420370 0.075000 0.059259
4 0.218269 0.527778 0.071154 0.059259
4 0.219231 0.637963 0.076923 0.064815
4 0.218269 0.746296 0.075000 0.074074
4 0.218269 0.859259 0.090385 0.085185
6 0.107692 0.094444 0.119231 0.111111
6 0.095192 0.870370 0.117308 0.111111
3 0.091346 0.743519 0.136538 0.087037
3 0.092308 0.210185 0.130769 0.087037
1 0.095192 0.314815 0.113462 0.081481
1 0.104808 0.640741 0.113462 0.077778
2 0.082692 0.424074 0.153846 0.088889
5 0.080769 0.534259 0.153846 0.087037
10 0.768269 0.100926 0.075000 0.083333
10 0.765385 0.211111 0.073077 0.070370
10 0.767308 0.322222 0.076923 0.062963
10 0.769231 0.425000 0.076923 0.064815
10 0.768269 0.525926 0.078846 0.062963
10 0.775000 0.633333 0.080769 0.066667
10 0.775000 0.739815 0.076923 0.075926
10 0.776923 0.852778 0.080769 0.083333
12 0.902885 0.865741 0.117308 0.112963
12 0.889423 0.094444 0.113462 0.107407
9 0.898077 0.210185 0.134615 0.090741
9 0.903846 0.739815 0.134615 0.090741
7 0.890385 0.312963 0.115385 0.077778
7 0.895192 0.637037 0.109615 0.077778
11 0.905769 0.529630 0.146154 0.092593
8 0.907692 0.421296 0.153846 0.090741
