4 0.297308 0.244770 0.050000 0.069038
4 0.360769 0.237971 0.046154 0.063808
4 0.428462 0.239017 0.043077 0.067992
4 0.488846 0.240586 0.042308 0.064854
4 0.553462 0.239017 0.039231 0.065900
4 0.613462 0.236925 0.039231 0.061715
4 0.680000 0.237971 0.046154 0.065900
4 0.746154 0.236925 0.047692 0.065900
6 0.290000 0.150105 0.056923 0.082636
6 0.748462 0.149059 0.055385 0.086820
3 0.355769 0.143828 0.051538 0.086820
3 0.678077 0.139644 0.042308 0.086820
1 0.617692 0.139121 0.046154 0.096234
1 0.424231 0.142259 0.048462 0.092050
5 0.489231 0.133891 0.053846 0.119247
2 0.552692 0.127615 0.051538 0.125523
10 0.290385 0.667887 0.051538 0.055439
10 0.360000 0.669979 0.049231 0.057531
10 0.423462 0.666841 0.042308 0.053347
10 0.484615 0.668933 0.040000 0.053347
10 0.553077 0.668410 0.041538 0.056485
10 0.615000 0.666841 0.040769 0.057531
10 0.679615 0.669456 0.040769 0.056485
10 0.744231 0.667887 0.048462 0.059623
12 0.289615 0.758368 0.059231 0.071130
12 0.745000 0.760460 0.051538 0.066946
9 0.681154 0.760460 0.048462 0.077406
9 0.358846 0.759937 0.050000 0.072176
7 0.420769 0.758368 0.050769 0.071130
7 0.613462 0.758891 0.043846 0.074268
8 0.551154 0.761506 0.056154 0.104603
11 0.485385 0.773536 0.060000 0.097280
