6 0.104575 0.103758 0.107843 0.106209
6 0.893791 0.104575 0.104575 0.094771
4 0.683007 0.233660 0.068627 0.075163
4 0.343137 0.221405 0.068627 0.076797
4 0.450980 0.342320 0.062092 0.066993
4 0.566176 0.430556 0.063725 0.063725
4 0.219771 0.433824 0.080065 0.066993
1 0.920752 0.330882 0.116013 0.083333
1 0.349673 0.095588 0.084967 0.119281
3 0.237745 0.100490 0.083333 0.112745
3 0.791667 0.097222 0.080065 0.116013
2 0.581699 0.075163 0.091503 0.147059
5 0.462418 0.075980 0.084967 0.142157
10 0.120915 0.796569 0.091503 0.080065
10 0.331699 0.554739 0.068627 0.070261
10 0.674837 0.560458 0.071895 0.068627
10 0.558007 0.665850 0.070261 0.070261
10 0.788399 0.665850 0.080065 0.073529
10 0.903595 0.778595 0.088235 0.080065
10 0.445261 0.763072 0.070261 0.081699
7 0.928922 0.676471 0.116013 0.091503
7 0.343954 0.911765 0.083333 0.124183
9 0.111928 0.664216 0.099673 0.096405
9 0.808007 0.910948 0.089869 0.122549
12 0.901961 0.907680 0.104575 0.109477
12 0.103758 0.899510 0.106209 0.106209
8 0.449346 0.920752 0.081699 0.158497
11 0.567810 0.924837 0.096405 0.150327
