4 0.198529 0.272034 0.060458 0.059322
4 0.288399 0.272881 0.057190 0.061017
4 0.372549 0.273729 0.055556 0.059322
4 0.456699 0.272881 0.057190 0.061017
4 0.544935 0.276271 0.057190 0.064407
4 0.627451 0.280508 0.058824 0.059322
4 0.713235 0.282203 0.057190 0.062712
4 0.799837 0.279661 0.060458 0.061017
6 0.803922 0.188136 0.065359 0.074576
6 0.196078 0.185593 0.068627 0.066102
3 0.285948 0.183898 0.065359 0.069492
3 0.722222 0.185593 0.062092 0.066102
1 0.630719 0.184746 0.062092 0.067797
1 0.370098 0.183051 0.060458 0.071186
5 0.455882 0.176271 0.065359 0.077966
2 0.544118 0.177966 0.065359 0.081356
10 0.196078 0.722034 0.055556 0.057627
10 0.281046 0.722881 0.058824 0.062712
10 0.372549 0.729661 0.055556 0.055932
10 0.455065 0.728814 0.057190 0.061017
10 0.544935 0.722881 0.057190 0.059322
10 0.625817 0.727119 0.058824 0.061017
10 0.715686 0.728814 0.058824 0.057627
10 0.799020 0.731356 0.058824 0.059322
12 0.792484 0.819492 0.065359 0.069492
12 0.197712 0.811864 0.065359 0.067797
9 0.284314 0.819492 0.062092 0.069492
9 0.718954 0.817797 0.062092 0.069492
7 0.633170 0.818644 0.060458 0.061017
7 0.372549 0.817797 0.062092 0.069492
11 0.455882 0.818644 0.065359 0.077966
8 0.545752 0.822034 0.068627 0.081356
