6 0.235500 0.097451 0.041000 0.059970
6 0.600500 0.392804 0.041000 0.059970
7 0.292500 0.138681 0.043000 0.064468
5 0.211500 0.175412 0.037000 0.056972
7 0.546500 0.353073 0.039000 0.058471
8 0.340500 0.180660 0.041000 0.061469
8 0.494500 0.308096 0.041000 0.061469
9 0.392500 0.221889 0.049000 0.071964
10 0.443000 0.267616 0.046000 0.070465
5 0.259500 0.219640 0.035000 0.052474
5 0.318500 0.258621 0.035000 0.052474
5 0.365500 0.305097 0.035000 0.052474
5 0.416500 0.336582 0.035000 0.052474
5 0.465500 0.389055 0.035000 0.052474
5 0.518500 0.429535 0.035000 0.052474
5 0.570500 0.473013 0.035000 0.052474
0 0.428500 0.852324 0.035000 0.055472
0 0.378500 0.808846 0.035000 0.055472
0 0.327500 0.765367 0.035000 0.055472
0 0.279500 0.727886 0.035000 0.055472
0 0.224500 0.684408 0.035000 0.055472
0 0.174500 0.642429 0.035000 0.055472
0 0.122500 0.601949 0.035000 0.055472
0 0.071500 0.556972 0.035000 0.055472
1 0.038000 0.636432 0.048000 0.061469
1 0.404500 0.937031 0.039000 0.065967
2 0.091000 0.689655 0.044000 0.059970
2 0.351500 0.890555 0.041000 0.062969
3 0.145000 0.722639 0.042000 0.059970
3 0.303500 0.847076 0.041000 0.062969
11 0.247500 0.808096 0.051000 0.074963
4 0.198000 0.767616 0.052000 0.071964
