4 0.387667 0.271500 0.023333 0.039000
4 0.386000 0.331000 0.024000 0.038000
4 0.389333 0.402000 0.021333 0.032000
4 0.387333 0.461000 0.022667 0.034000
4 0.387333 0.535000 0.022667 0.032000
4 0.389333 0.600500 0.025333 0.031000
4 0.381333 0.668500 0.024000 0.031000
4 0.390667 0.729500 0.024000 0.037000
6 0.341000 0.730000 0.026000 0.036000
6 0.338000 0.265500 0.025333 0.043000
3 0.337667 0.329000 0.027333 0.040000
3 0.333000 0.658000 0.028667 0.032000
1 0.346000 0.603000 0.024000 0.036000
1 0.349000 0.392000 0.027333 0.036000
2 0.341000 0.461000 0.034000 0.046000
5 0.341333 0.530000 0.034667 0.046000
10 0.603667 0.260500 0.023333 0.041000
10 0.604000 0.332500 0.025333 0.039000
10 0.606667 0.394000 0.021333 0.036000
10 0.605667 0.458500 0.022000 0.037000
10 0.608000 0.519500 0.024000 0.037000
10 0.605667 0.593000 0.022000 0.032000
10 0.602667 0.656000 0.024000 0.034000
10 0.607333 0.719500 0.022667 0.035000
12 0.648333 0.262000 0.023333 0.044000
12 0.651333 0.722500 0.025333 0.037000
9 0.651000 0.654000 0.027333 0.036000
9 0.648667 0.328500 0.026667 0.041000
7 0.651333 0.389500 0.024000 0.035000
7 0.642333 0.579500 0.023333 0.035000
11 0.648667 0.525500 0.032000 0.047000
8 0.648667 0.451000 0.032000 0.054000
