9 0.261500 0.327250 0.047000 0.049500
9 0.326500 0.328250 0.047000 0.049500
9 0.393000 0.328750 0.047000 0.049500
9 0.464500 0.329750 0.047000 0.049500
9 0.537000 0.329750 0.047000 0.049500
9 0.602500 0.329750 0.047000 0.049500
9 0.673500 0.328250 0.047000 0.049500
9 0.739000 0.330250 0.047000 0.049500
4 0.259500 0.261250 0.049000 0.048500
4 0.741500 0.258750 0.049000 0.048500
6 0.329250 0.261500 0.053500 0.052000
6 0.673250 0.258000 0.053500 0.052000
3 0.397500 0.259250 0.054000 0.056500
3 0.605000 0.258250 0.054000 0.056500
1 0.468250 0.258750 0.056500 0.060500
2 0.534500 0.261000 0.055000 0.054000
12 0.260000 0.670750 0.054000 0.050500
12 0.328500 0.669500 0.051000 0.051000
12 0.395000 0.670500 0.051000 0.051000
12 0.463250 0.673250 0.047500 0.050500
12 0.600250 0.668750 0.047500 0.050500
12 0.534250 0.538750 0.047500 0.050500
12 0.669750 0.669750 0.047500 0.050500
12 0.741750 0.670750 0.047500 0.050500
10 0.262500 0.739500 0.051000 0.050000
10 0.738500 0.736500 0.051000 0.050000
7 0.329250 0.737500 0.053500 0.055000
7 0.670250 0.741500 0.053500 0.055000
8 0.396500 0.738750 0.056000 0.061500
8 0.603000 0.739250 0.056000 0.061500
11 0.534750 0.737500 0.058500 0.059000
5 0.465750 0.738000 0.055500 0.058000
