4 0.146761 0.444000 0.071299 0.060000
9 0.195259 0.510750 0.052479 0.055500
9 0.247557 0.453500 0.049946 0.052000
9 0.299131 0.393000 0.045241 0.058000
9 0.347087 0.337500 0.041260 0.058000
9 0.396670 0.271000 0.041983 0.063000
9 0.443902 0.211000 0.038002 0.069000
9 0.486609 0.144500 0.038726 0.072000
9 0.538726 0.087000 0.038726 0.075000
4 0.497286 0.032500 0.044879 0.064000
6 0.444083 0.075250 0.049222 0.101500
6 0.199783 0.384000 0.067318 0.073000
3 0.252986 0.321250 0.062251 0.071500
3 0.397937 0.131500 0.048860 0.095000
2 0.335867 0.193000 0.068042 0.110000
1 0.288093 0.256000 0.067318 0.096000
12 0.410423 0.851750 0.041260 0.068500
12 0.460550 0.792000 0.039450 0.061000
12 0.512667 0.720750 0.040898 0.057500
12 0.563518 0.655000 0.041983 0.054000
12 0.608759 0.593750 0.041983 0.056500
12 0.660514 0.536250 0.043431 0.055500
12 0.713536 0.479750 0.048860 0.056500
12 0.767282 0.408250 0.050670 0.058500
10 0.823018 0.486000 0.073109 0.066000
10 0.443721 0.936000 0.048498 0.092000
7 0.507781 0.866750 0.046326 0.085500
7 0.774339 0.552250 0.068404 0.064500
8 0.713717 0.612000 0.058632 0.065000
8 0.551031 0.800750 0.045241 0.076500
5 0.665943 0.677250 0.060803 0.075500
11 0.608397 0.738500 0.055013 0.086000
