6 0.104375 0.100625 0.093750 0.108750
6 0.913750 0.109375 0.107500 0.098750
1 0.334375 0.107500 0.086250 0.110000
1 0.661250 0.081250 0.085000 0.112500
3 0.108125 0.330625 0.088750 0.101250
3 0.792500 0.114375 0.100000 0.106250
2 0.426875 0.093750 0.096250 0.142500
5 0.545625 0.083750 0.093750 0.145000
4 0.767500 0.247500 0.075000 0.080000
4 0.876250 0.227500 0.087500 0.085000
4 0.631875 0.205000 0.076250 0.077500
4 0.535000 0.248125 0.067500 0.081250
4 0.331875 0.245625 0.073750 0.076250
4 0.110000 0.228125 0.085000 0.083750
4 0.215000 0.223125 0.080000 0.081250
4 0.441875 0.444375 0.071250 0.071250
10 0.448125 0.555625 0.073750 0.071250
10 0.105000 0.753125 0.082500 0.076250
10 0.221250 0.743125 0.077500 0.076250
10 0.353750 0.747500 0.072500 0.075000
10 0.560000 0.769375 0.067500 0.073750
10 0.686250 0.750625 0.075000 0.078750
10 0.775000 0.760000 0.085000 0.080000
10 0.866250 0.725625 0.085000 0.073750
7 0.658750 0.561250 0.080000 0.085000
7 0.668125 0.870625 0.088750 0.103750
12 0.115625 0.860000 0.093750 0.085000
12 0.877500 0.873750 0.100000 0.090000
9 0.229375 0.875000 0.086250 0.110000
9 0.773750 0.876250 0.097500 0.107500
11 0.445000 0.876875 0.095000 0.121250
8 0.559375 0.875625 0.088750 0.123750
