1 0.123000 0.113437 0.098000 0.089375
1 0.875667 0.114687 0.098000 0.089375
2 0.228000 0.108438 0.101333 0.105625
2 0.771333 0.110312 0.101333 0.105625
3 0.340667 0.112500 0.085333 0.091250
3 0.657333 0.114375 0.085333 0.091250
4 0.447667 0.106250 0.080667 0.110000
11 0.552333 0.106563 0.078000 0.105625
5 0.127000 0.715313 0.074000 0.060625
5 0.235000 0.714688 0.068667 0.059375
5 0.342000 0.714688 0.066667 0.065625
5 0.446000 0.714688 0.062667 0.063125
5 0.552333 0.714063 0.064667 0.064375
5 0.658000 0.715938 0.066667 0.065625
5 0.764000 0.715313 0.076000 0.066875
5 0.872333 0.715000 0.076667 0.062500
6 0.123333 0.820937 0.098667 0.093125
6 0.877667 0.819375 0.099333 0.096250
7 0.228667 0.827500 0.093333 0.101250
7 0.771000 0.826250 0.095333 0.101250
8 0.341333 0.820937 0.081333 0.093125
8 0.658000 0.820937 0.080000 0.094375
9 0.554000 0.830000 0.077333 0.105000
10 0.449000 0.828438 0.078000 0.105625
0 0.127000 0.221250 0.080667 0.061250
0 0.234667 0.220000 0.068000 0.063750
0 0.342000 0.220625 0.069333 0.065000
0 0.447333 0.219062 0.065333 0.065625
0 0.552667 0.220312 0.065333 0.068125
0 0.658000 0.220312 0.064000 0.065625
0 0.763000 0.221250 0.070000 0.067500
0 0.872667 0.219062 0.074667 0.061875
