6 0.205000 0.279399 0.057500 0.038365
6 0.827500 0.274395 0.057500 0.038365
7 0.305000 0.275646 0.060000 0.045872
7 0.721250 0.269808 0.057500 0.044204
4 0.546875 0.286072 0.071250 0.046706
10 0.471250 0.277314 0.072500 0.047540
8 0.370625 0.281902 0.056250 0.038365
8 0.643750 0.279817 0.052500 0.040867
5 0.207500 0.338616 0.047500 0.031693
5 0.298125 0.339450 0.041250 0.028357
5 0.382500 0.339867 0.045000 0.030859
5 0.466875 0.338198 0.046250 0.030859
5 0.551875 0.336113 0.046250 0.031693
5 0.642500 0.336947 0.047500 0.031693
5 0.727500 0.333194 0.045000 0.034195
5 0.819375 0.331526 0.046250 0.030859
0 0.206250 0.629691 0.052500 0.035029
0 0.288750 0.627189 0.047500 0.031693
0 0.379375 0.629274 0.048750 0.034195
0 0.463750 0.628857 0.042500 0.031693
0 0.559375 0.630942 0.048750 0.032527
0 0.649375 0.629691 0.046250 0.030025
0 0.740000 0.629274 0.052500 0.034195
0 0.822500 0.629274 0.047500 0.030859
1 0.195625 0.690992 0.058750 0.042535
1 0.827500 0.689741 0.057500 0.040033
2 0.291875 0.695997 0.058750 0.044204
2 0.739375 0.693495 0.056250 0.042535
3 0.375625 0.689741 0.053750 0.040033
3 0.645000 0.690158 0.057500 0.039199
4 0.468750 0.693495 0.067500 0.052544
11 0.559375 0.693912 0.066250 0.053378
