      0/99      7.9G   0.08175   0.03066   0.04091    0.1533        27       640  0.003477   0.05485  0.000372 9.565e-05    0.1074   0.04326   0.04326
      1/99     11.5G   0.06643   0.03412   0.03891    0.1395        63       640   0.08623    0.1138   0.05123   0.01398   0.09373   0.03787   0.04172
      2/99     11.5G    0.0531     0.031   0.03608    0.1202        76       640    0.1441    0.4719   0.09295   0.03323   0.08009   0.03227    0.0407
      3/99     11.5G   0.04701   0.03271    0.0354    0.1151       115       640   0.03969     0.405   0.04847   0.01466   0.08622   0.02567   0.03918
      4/99     12.9G   0.05134   0.02515   0.03521    0.1117         2       640    0.0628    0.2942   0.05786   0.01647   0.08766   0.02787    0.0386
      5/99     12.9G   0.04851   0.02775   0.03544    0.1117        29       640    0.2207    0.2465    0.1509   0.05347   0.06643   0.03266   0.03638
      6/99     12.9G   0.04465   0.03195     0.034    0.1106        43       640    0.2783    0.3765    0.2848    0.1168   0.06512   0.02759   0.03508
      7/99     12.9G   0.04369   0.03004   0.03263    0.1064        64       640    0.8365    0.3047    0.3106    0.1585   0.05538   0.02752   0.03443
      8/99     12.9G     0.043   0.02798   0.03137    0.1024        55       640    0.8278    0.3078    0.3328    0.1809   0.06743   0.02526    0.0333
      9/99     12.9G   0.04195    0.0268   0.03062   0.09937        77       640    0.9503     0.225    0.3469    0.1391   0.06295   0.02638   0.03183
     10/99     12.9G   0.03769   0.03007   0.02963   0.09739        58       640    0.8662    0.2743    0.3687    0.2106   0.05039   0.02855    0.0309
     11/99     12.9G   0.03589   0.03046     0.027   0.09336        74       640    0.4042    0.5427    0.4073    0.2141   0.04811   0.02838   0.02904
     12/99     12.9G   0.03724   0.03141   0.02472   0.09336        72       640    0.3483    0.6207    0.4777    0.2659   0.05508   0.02807   0.02776
     13/99     12.9G   0.04047   0.02852   0.02354   0.09252        12       640    0.3925     0.649     0.549    0.3099   0.04604   0.02938   0.02629
     14/99     12.9G   0.03809   0.02921    0.0224    0.0897        69       640    0.9195     0.393    0.5631    0.3268   0.05275   0.02832   0.02597
     15/99     12.9G   0.03544   0.02974   0.02199   0.08716        60       640    0.5918    0.5751    0.6087    0.3284   0.04653   0.02771   0.02433
     16/99     12.9G   0.03474   0.02926   0.01921   0.08321        86       640    0.9091    0.4537    0.6661    0.3963   0.04815   0.02997   0.02349
     17/99     12.9G   0.03323   0.02778   0.01755   0.07856        62       640    0.8522     0.553    0.7279    0.4188   0.04459   0.03016   0.02251
     18/99     12.9G   0.03363   0.02873   0.01493   0.07729        23       640    0.8688    0.6654    0.7712    0.4632   0.04027   0.03064   0.02126
     19/99     12.9G   0.03187   0.02848   0.01332   0.07367        41       640    0.8005     0.714    0.8186    0.5479   0.03654   0.03015   0.02038
     20/99     12.9G   0.03308   0.02642   0.01195   0.07145        47       640    0.7479    0.7267    0.7674    0.2651   0.05782   0.03033   0.01961
     21/99     12.9G   0.03841   0.02687   0.01169   0.07697         8       640    0.9388    0.7101    0.8575     0.523   0.04624   0.03042   0.01956
     22/99     12.9G   0.03514   0.02734   0.01119   0.07367        67       640     0.821    0.7654    0.8485    0.4521   0.04672    0.0292   0.01851
     23/99     12.9G   0.03356    0.0263  0.009878   0.06974        31       640    0.9127    0.7443     0.866    0.5653     0.041   0.03171   0.01815
     24/99     12.9G   0.03253   0.02656  0.009398   0.06849        97       640    0.9122    0.7918    0.8859    0.6416   0.03941   0.03184   0.01844
     25/99     12.9G   0.03083   0.02403  0.008199   0.06306        97       640    0.9359    0.7845    0.9049    0.6518   0.03973   0.03424   0.01864
     26/99     12.9G   0.03035   0.02313  0.007992   0.06146        92       640    0.9339    0.7968    0.8981    0.6396   0.04232   0.03401   0.01756
     27/99     12.9G   0.02878   0.02074  0.006757   0.05628        25       640    0.9398    0.8198     0.917    0.6453   0.04077   0.03544   0.01671
     28/99     12.9G   0.02885   0.02254  0.006285   0.05767        14       640    0.9438    0.8199    0.9301    0.6875   0.04028   0.03711   0.01563
     29/99     12.9G   0.02752   0.02218  0.005876   0.05558        61       640    0.9563    0.8174    0.9264    0.6838   0.04069   0.03667    0.0166
     30/99     12.9G   0.02786   0.02124  0.006419   0.05552        62       640    0.9451    0.8413    0.9391    0.6434   0.04184   0.03553   0.01544
     31/99     12.9G   0.02733   0.02185  0.006019    0.0552        60       640    0.9363    0.7944    0.9128    0.6814   0.03933   0.03837    0.0175
     32/99     12.9G   0.02698   0.02111  0.005963   0.05405        53       640    0.9125     0.828    0.9294    0.6749   0.04102   0.04115   0.01641
     33/99     12.9G   0.02717   0.02237  0.006404   0.05594        52       640    0.8605    0.8619    0.9308    0.6885   0.03907   0.03815   0.01758
     34/99     12.9G   0.02594   0.02134  0.005709   0.05299       103       640    0.9388    0.8142    0.9295    0.6949   0.04017   0.03989   0.01682
     35/99     12.9G   0.02649   0.01994  0.005361   0.05179        22       640    0.9613    0.8261    0.9438    0.7151   0.03882    0.0401   0.01601
     36/99     12.9G   0.02558   0.02175  0.005526   0.05286        76       640    0.9024     0.864     0.935    0.6972   0.03978   0.04078   0.01649
     37/99     12.9G   0.02455     0.019  0.005302   0.04885        18       640    0.9515    0.8169    0.9344    0.7043   0.03821   0.04109    0.0164
     38/99     12.9G   0.02542   0.01927  0.004564   0.04926        10       640    0.9203    0.8626     0.936    0.6975   0.04118   0.04096   0.01652
     39/99     12.9G   0.02532   0.01983    0.0047   0.04985        28       640    0.9047    0.8481    0.9251    0.7055   0.04023   0.03927   0.01643
     40/99     12.9G   0.02419   0.01929  0.004194   0.04768        77       640    0.9584    0.8633    0.9421    0.7325   0.03744   0.03952   0.01557
     41/99     12.9G    0.0241   0.02002  0.004574    0.0487        64       640    0.9429    0.8711    0.9434    0.7298   0.03656    0.0407   0.01558
     42/99     12.9G   0.02459   0.01968   0.00439   0.04866        62       640    0.9401    0.8807    0.9515    0.7263   0.03916      0.04   0.01485
     43/99     12.9G    0.0233   0.02015  0.004072   0.04752        60       640    0.9589    0.8577    0.9494    0.7337   0.03712     0.041     0.015
     44/99     12.9G   0.02361   0.01927  0.003799   0.04667       160       640    0.9395    0.8409    0.9405    0.7055   0.03854   0.04194   0.01596
     45/99     12.9G   0.02328   0.01936  0.004297   0.04694        30       640    0.9413    0.8462    0.9414    0.7114   0.03822   0.04016   0.01563
     46/99     12.9G   0.02278   0.01976  0.004084   0.04662        70       640    0.9348    0.8645    0.9444    0.7214   0.03627   0.04116   0.01592
     47/99     12.9G   0.02285   0.02084  0.004305   0.04799         7       640    0.9278    0.8674    0.9414    0.7265   0.03678   0.04187   0.01637
     48/99     12.9G   0.02256   0.01947  0.003598   0.04563        13       640    0.9675    0.8495    0.9522    0.7414   0.03799   0.04177   0.01534
     49/99     12.9G   0.02183    0.0184  0.003875    0.0441       105       640    0.9434     0.876    0.9518    0.7203   0.03701    0.0416   0.01522
     50/99     12.9G   0.02187   0.01875  0.003427   0.04405        24       640    0.9449    0.9067     0.958    0.7403   0.03578   0.04274   0.01535
     51/99     12.9G   0.02311   0.01851  0.003247   0.04487        74       640    0.9404    0.8917    0.9564    0.7345   0.03648   0.04421   0.01513
     52/99     12.9G   0.02182   0.02009  0.003732   0.04564       135       640    0.9245    0.8805    0.9417    0.7308   0.03643    0.0437   0.01642
     53/99     12.9G   0.02121   0.01873  0.003134   0.04307       109       640    0.9329    0.8903    0.9544    0.7375   0.03546   0.04148     0.015
     54/99     12.9G   0.02063    0.0188  0.003326   0.04276        24       640      0.92    0.8837    0.9498    0.7372   0.03532   0.04203   0.01546
     55/99     12.9G   0.02122     0.019   0.00322   0.04343        49       640     0.945    0.8893    0.9579    0.7389   0.03578   0.04317   0.01501
     56/99     12.9G   0.02133   0.01756  0.003087   0.04197       116       640    0.9364    0.9076    0.9598    0.7478   0.03598   0.04312   0.01418
     57/99     12.9G    0.0208   0.01845  0.002993   0.04224        36       640    0.9439    0.9039    0.9598    0.7439   0.03548   0.04393   0.01414
     58/99     12.9G   0.01974   0.01805  0.002805    0.0406        14       640    0.9562    0.8912    0.9564    0.7433   0.03557   0.04261   0.01413
     59/99     12.9G   0.02011   0.01894  0.002946     0.042        68       640    0.9599    0.8705    0.9547    0.7257   0.03752   0.04496   0.01405
     60/99     12.9G   0.02041   0.01753  0.003164    0.0411        52       640    0.9538    0.8909    0.9549    0.7327   0.03649   0.04452   0.01427
     61/99     12.9G   0.02014   0.01784  0.003005   0.04099        40       640     0.923    0.8844    0.9484    0.7375   0.03522   0.04377   0.01512
     62/99     12.9G   0.02024   0.01703  0.003211   0.04047        43       640    0.9378    0.9007    0.9582    0.7401   0.03552   0.04282   0.01461
     63/99     12.9G   0.01984   0.01789  0.003071    0.0408        45       640    0.9625    0.8848    0.9622    0.7489   0.03543   0.04302   0.01384
     64/99     12.9G   0.01951   0.01936  0.002853   0.04172        71       640    0.9317    0.9037     0.958    0.7445   0.03484   0.04317    0.0141
     65/99     12.9G   0.01975   0.01811  0.003038   0.04089        92       640     0.945    0.8694    0.9514    0.7301   0.03478   0.04372   0.01459
     66/99     12.9G   0.01928   0.01739  0.002717   0.03938        52       640    0.9359    0.8925    0.9562    0.7487   0.03415   0.04369   0.01448
     67/99     12.9G   0.01899   0.01684  0.002561   0.03839        22       640    0.9304    0.9097    0.9571    0.7423   0.03489   0.04479   0.01418
     68/99     12.9G   0.01864   0.01764  0.002317    0.0386        31       640    0.9289    0.8946    0.9539    0.7415   0.03465   0.04508   0.01368
     69/99     12.9G    0.0193    0.0171  0.002882   0.03928        60       640    0.9141    0.9147    0.9575    0.7475   0.03405   0.04416   0.01344
     70/99     12.9G   0.01914    0.0174  0.002586   0.03912        43       640    0.9373    0.9056    0.9595    0.7477   0.03471   0.04369   0.01379
     71/99     12.9G   0.01883   0.01797  0.002527   0.03932        26       640    0.9109    0.9122    0.9544    0.7572   0.03374   0.04497   0.01383
     72/99     12.9G   0.01836   0.01641  0.002281   0.03706        43       640    0.9161    0.9265     0.958    0.7408   0.03475    0.0446    0.0135
     73/99     12.9G   0.01828   0.01739  0.002311   0.03797         8       640    0.9249    0.9365    0.9611    0.7524   0.03481   0.04409   0.01337
     74/99     12.9G   0.01846   0.01775  0.002272   0.03848        97       640    0.9464    0.9035    0.9574    0.7515   0.03463   0.04392   0.01343
     75/99     12.9G   0.01803   0.01733  0.002278   0.03764         8       640     0.931    0.9249     0.957    0.7463   0.03461   0.04384   0.01343
     76/99     12.9G   0.01813   0.01727  0.002344   0.03774        22       640    0.9549    0.9037      0.96    0.7511   0.03478   0.04444   0.01324
     77/99     12.9G   0.01857   0.01692  0.002424   0.03791        37       640    0.9502    0.8819    0.9529    0.7458   0.03505   0.04473   0.01328
     78/99     12.9G   0.01812   0.01716  0.002234   0.03751        29       640    0.9521    0.8922    0.9537    0.7491    0.0347   0.04502   0.01332
     79/99     12.9G   0.01803   0.01685  0.002401   0.03728         2       640    0.9619      0.88    0.9513    0.7401    0.0345   0.04438   0.01381
     80/99     12.9G   0.01792   0.01692  0.002138   0.03698        25       640     0.963    0.8862    0.9519    0.7529   0.03453   0.04466   0.01382
     81/99     12.9G   0.01801    0.0173  0.002212   0.03752        14       640    0.9494    0.9049    0.9582    0.7559   0.03461   0.04506   0.01334
     82/99     12.9G    0.0172    0.0163  0.001947   0.03545        29       640    0.9314    0.9249    0.9598     0.757   0.03464   0.04493   0.01313
     83/99     12.9G   0.01771   0.01623  0.002187   0.03613        93       640    0.9319    0.9244    0.9586    0.7522   0.03418    0.0443   0.01309
     84/99     12.9G   0.01766   0.01569  0.002124   0.03547       127       640    0.9383    0.9081    0.9562     0.758   0.03425   0.04521    0.0133
     85/99     12.9G   0.01751   0.01583  0.001977   0.03532        97       640    0.9529    0.8935    0.9585    0.7562   0.03413   0.04441   0.01304
     86/99     12.9G   0.01737   0.01629  0.001863   0.03552        86       640    0.9394    0.9128    0.9609    0.7482   0.03445   0.04508   0.01265
     87/99     12.9G   0.01731   0.01664  0.002033   0.03598        41       640    0.9575    0.9123    0.9618    0.7613   0.03455   0.04585   0.01253
     88/99     12.9G   0.01733   0.01674  0.002077   0.03614        37       640    0.9452    0.9133    0.9573    0.7525    0.0348   0.04563   0.01264
     89/99     12.9G   0.01723   0.01608    0.0022   0.03551        18       640    0.9448    0.9084    0.9595    0.7575   0.03426   0.04537   0.01268
     90/99     12.9G   0.01744    0.0164  0.002091   0.03594        26       640    0.9285    0.9107    0.9592    0.7513   0.03422   0.04516   0.01292
     91/99     12.9G    0.0171   0.01591  0.001967   0.03498        33       640    0.9389    0.9046    0.9595    0.7534   0.03424   0.04507   0.01273
     92/99     12.9G   0.01728   0.01535  0.001786   0.03441         4       640    0.9333     0.926    0.9609    0.7583   0.03417   0.04589   0.01257
     93/99     12.9G   0.01725   0.01568  0.001933   0.03486        23       640     0.931    0.9287    0.9612    0.7608   0.03398   0.04556   0.01239
     94/99     12.9G   0.01718   0.01622  0.001849   0.03525        73       640    0.9201    0.9414    0.9604    0.7512   0.03427   0.04587   0.01225
     95/99     12.9G     0.017   0.01597  0.001758   0.03473        42       640     0.938     0.924    0.9626    0.7543   0.03418   0.04562   0.01223
     96/99     12.9G   0.01702   0.01768  0.002068   0.03677        45       640    0.9219    0.9347    0.9628    0.7591    0.0344   0.04634   0.01248
     97/99     12.9G   0.01748   0.01616  0.002195   0.03583        15       640    0.9298    0.9167    0.9593    0.7485   0.03445   0.04609   0.01262
     98/99     12.9G   0.01744    0.0167  0.001946   0.03609        78       640    0.9462    0.9125    0.9596    0.7563   0.03446   0.04567   0.01249
     99/99     12.9G   0.01736     0.016   0.00193   0.03529        79       640    0.9402    0.9183    0.9623    0.7601   0.03447   0.04584    0.0123
