12 0.153333 0.144231 0.102222 0.096154
12 0.846667 0.145299 0.106667 0.102564
9 0.254444 0.141026 0.073333 0.098291
9 0.742222 0.141026 0.075556 0.102564
7 0.355556 0.147436 0.075556 0.094017
7 0.638889 0.148504 0.082222 0.096154
8 0.455556 0.136752 0.084444 0.123932
11 0.547778 0.142094 0.082222 0.108974
10 0.166667 0.250000 0.084444 0.072650
10 0.264444 0.250000 0.075556 0.072650
10 0.362222 0.250000 0.071111 0.076923
10 0.448889 0.246795 0.071111 0.070513
10 0.544444 0.247863 0.071111 0.072650
10 0.644444 0.248932 0.071111 0.074786
10 0.738889 0.247863 0.077778 0.076923
10 0.835556 0.252137 0.080000 0.072650
4 0.165556 0.709402 0.086667 0.072650
4 0.265556 0.708333 0.077778 0.070513
4 0.358889 0.706197 0.073333 0.074786
4 0.456667 0.709402 0.068889 0.068376
4 0.548889 0.709402 0.075556 0.072650
4 0.640000 0.705128 0.071111 0.076923
4 0.740000 0.710470 0.075556 0.070513
4 0.836667 0.709402 0.082222 0.072650
6 0.155556 0.811966 0.106667 0.106838
6 0.846667 0.811966 0.102222 0.098291
3 0.260000 0.814103 0.075556 0.098291
3 0.738889 0.810897 0.073333 0.100427
1 0.355556 0.807692 0.075556 0.094017
1 0.643333 0.809829 0.077778 0.094017
2 0.452222 0.817308 0.086667 0.126068
5 0.551111 0.811966 0.088889 0.115385
