6 0.121923 0.121583 0.083846 0.074820
6 0.863846 0.123381 0.087692 0.078417
3 0.220385 0.127338 0.100769 0.076259
3 0.762308 0.124101 0.075385 0.072662
1 0.336538 0.128058 0.071538 0.079137
1 0.650769 0.128777 0.066154 0.080576
5 0.442692 0.117266 0.068462 0.103597
2 0.544615 0.115108 0.069231 0.100719
4 0.126154 0.228777 0.070769 0.056115
4 0.231538 0.228417 0.061538 0.056835
4 0.336154 0.229496 0.058462 0.060432
4 0.440385 0.228417 0.051538 0.055396
4 0.542692 0.227338 0.048462 0.057554
4 0.649231 0.228058 0.053846 0.058993
4 0.752308 0.229496 0.060000 0.061871
4 0.860769 0.228417 0.067692 0.056835
10 0.124615 0.714029 0.070769 0.056835
10 0.230769 0.714748 0.061538 0.056835
10 0.335000 0.714748 0.056154 0.058273
10 0.440385 0.714029 0.053077 0.059712
10 0.544615 0.714029 0.050769 0.061151
10 0.645000 0.713309 0.056154 0.056835
10 0.752308 0.714029 0.060000 0.059712
10 0.860385 0.713309 0.070000 0.062590
12 0.115769 0.819784 0.088462 0.087050
12 0.864231 0.819065 0.085385 0.082734
9 0.222308 0.811151 0.096923 0.075540
9 0.765000 0.814748 0.080769 0.079856
7 0.338462 0.811151 0.072308 0.084173
7 0.649231 0.811871 0.069231 0.078417
11 0.441154 0.821583 0.066923 0.105036
8 0.546154 0.823741 0.070769 0.106475
