4 0.180000 0.270000 0.102500 0.090000
4 0.275625 0.268125 0.088750 0.086250
4 0.371875 0.270625 0.071250 0.088750
4 0.458750 0.269375 0.065000 0.088750
4 0.551875 0.271250 0.068750 0.087500
4 0.640625 0.269375 0.068750 0.086250
4 0.733750 0.271875 0.080000 0.091250
4 0.837500 0.269375 0.097500 0.086250
6 0.166875 0.163750 0.143750 0.135000
6 0.848125 0.164375 0.128750 0.138750
3 0.266250 0.157500 0.130000 0.150000
3 0.750625 0.159375 0.118750 0.156250
1 0.373750 0.173125 0.085000 0.121250
1 0.643750 0.173750 0.080000 0.115000
2 0.465000 0.170625 0.072500 0.118750
5 0.554375 0.169375 0.063750 0.113750
10 0.175625 0.741875 0.101250 0.081250
10 0.277500 0.743750 0.090000 0.085000
10 0.375625 0.743125 0.076250 0.083750
10 0.466250 0.743750 0.067500 0.082500
10 0.557500 0.743125 0.067500 0.086250
10 0.643125 0.743125 0.068750 0.086250
10 0.738125 0.745625 0.081250 0.083750
10 0.832500 0.742500 0.095000 0.085000
12 0.163125 0.848750 0.136250 0.127500
12 0.843125 0.849375 0.126250 0.133750
9 0.262500 0.855000 0.132500 0.145000
9 0.745625 0.853750 0.113750 0.147500
7 0.643125 0.839375 0.081250 0.113750
7 0.370625 0.840000 0.083750 0.115000
8 0.468750 0.838750 0.072500 0.117500
11 0.550625 0.842500 0.066250 0.110000
