1 0.330000 0.921667 0.053333 0.070000
1 0.546667 0.920000 0.066667 0.073333
2 0.403333 0.930000 0.060000 0.086667
3 0.261667 0.923333 0.050000 0.080000
3 0.611667 0.916667 0.070000 0.080000
4 0.186667 0.843333 0.046667 0.046667
4 0.258333 0.838333 0.043333 0.050000
4 0.331667 0.835000 0.043333 0.050000
4 0.396667 0.693333 0.046667 0.046667
4 0.463333 0.836667 0.046667 0.046667
4 0.541667 0.836667 0.050000 0.046667
4 0.611667 0.838333 0.056667 0.050000
4 0.688333 0.833333 0.063333 0.046667
5 0.473333 0.926667 0.066667 0.080000
6 0.185000 0.920000 0.056667 0.073333
6 0.695000 0.926667 0.083333 0.073333
7 0.328333 0.401667 0.050000 0.076667
7 0.543333 0.398333 0.066667 0.070000
8 0.395000 0.396667 0.056667 0.086667
9 0.256667 0.398333 0.053333 0.076667
9 0.615000 0.396667 0.070000 0.080000
10 0.186667 0.481667 0.046667 0.050000
10 0.260000 0.483333 0.046667 0.053333
10 0.326667 0.476667 0.046667 0.053333
10 0.396667 0.620000 0.046667 0.046667
10 0.466667 0.476667 0.046667 0.053333
10 0.538333 0.476667 0.050000 0.053333
10 0.610000 0.475000 0.053333 0.050000
10 0.683333 0.473333 0.066667 0.053333
11 0.470000 0.400000 0.066667 0.086667
12 0.185000 0.403333 0.050000 0.073333
12 0.695000 0.400000 0.083333 0.073333
