4 0.298718 0.253571 0.048718 0.064286
4 0.361538 0.244643 0.046154 0.067857
4 0.428205 0.246429 0.041026 0.071429
4 0.488462 0.242857 0.038462 0.064286
4 0.552564 0.244643 0.033333 0.067857
4 0.614103 0.242857 0.038462 0.071429
4 0.678205 0.242857 0.043590 0.064286
4 0.744872 0.241071 0.048718 0.067857
6 0.289744 0.151786 0.056410 0.082143
6 0.748718 0.150000 0.056410 0.085714
3 0.678205 0.144643 0.043590 0.089286
3 0.355128 0.146429 0.048718 0.085714
1 0.424359 0.146429 0.048718 0.092857
1 0.615385 0.146429 0.046154 0.092857
2 0.553846 0.130357 0.051282 0.125000
5 0.487179 0.135714 0.056410 0.128571
10 0.292308 0.682143 0.051282 0.064286
10 0.358974 0.685714 0.046154 0.057143
10 0.424359 0.683929 0.048718 0.053571
10 0.483333 0.685714 0.038462 0.050000
10 0.552564 0.685714 0.038462 0.057143
10 0.615385 0.683929 0.041026 0.060714
10 0.679487 0.683929 0.041026 0.060714
10 0.744872 0.683929 0.048718 0.060714
12 0.289744 0.776786 0.056410 0.075000
12 0.743590 0.775000 0.051282 0.071429
9 0.358974 0.776786 0.051282 0.075000
9 0.680769 0.780357 0.043590 0.075000
7 0.612821 0.776786 0.041026 0.067857
7 0.421795 0.775000 0.048718 0.071429
8 0.550000 0.782143 0.053846 0.100000
11 0.485897 0.791071 0.053846 0.103571
