6 0.335606 0.203409 0.046970 0.084091
6 0.742424 0.206818 0.054545 0.081818
4 0.334848 0.293182 0.039394 0.059091
4 0.393182 0.292045 0.034848 0.061364
4 0.453030 0.292045 0.033333 0.061364
4 0.510606 0.289773 0.036364 0.061364
4 0.568939 0.293182 0.034848 0.063636
4 0.626515 0.293182 0.040909 0.059091
4 0.682576 0.297727 0.040909 0.063636
4 0.742424 0.296591 0.042424 0.056818
3 0.684848 0.200000 0.048485 0.090909
3 0.393939 0.196591 0.042424 0.093182
1 0.451515 0.202273 0.042424 0.090909
1 0.627273 0.204545 0.048485 0.081818
5 0.571212 0.198864 0.051515 0.102273
2 0.510606 0.194318 0.045455 0.111364
10 0.330303 0.732955 0.039394 0.052273
10 0.396212 0.736364 0.034848 0.054545
10 0.454545 0.732955 0.036364 0.056818
10 0.512121 0.735227 0.036364 0.052273
10 0.568182 0.729545 0.036364 0.054545
10 0.631061 0.732955 0.040909 0.056818
10 0.684848 0.731818 0.039394 0.054545
10 0.745455 0.735227 0.045455 0.052273
12 0.331818 0.819318 0.048485 0.070455
12 0.746212 0.819318 0.059091 0.079545
9 0.393182 0.822727 0.043939 0.081818
9 0.690152 0.822727 0.056061 0.081818
7 0.453030 0.818182 0.042424 0.068182
7 0.625000 0.815909 0.043939 0.072727
11 0.569697 0.825000 0.051515 0.086364
8 0.514394 0.829545 0.046970 0.100000
