6 0.235500 0.098201 0.041000 0.061469
6 0.599000 0.392054 0.042000 0.058471
3 0.292000 0.137931 0.046000 0.065967
3 0.547000 0.353823 0.038000 0.059970
1 0.340000 0.181409 0.042000 0.056972
1 0.492500 0.308846 0.041000 0.059970
5 0.394000 0.221889 0.050000 0.077961
2 0.442500 0.267616 0.049000 0.073463
4 0.211000 0.174663 0.036000 0.052474
4 0.260000 0.218141 0.036000 0.052474
4 0.318000 0.255622 0.036000 0.052474
4 0.366000 0.305097 0.036000 0.052474
4 0.417000 0.338081 0.036000 0.052474
4 0.466000 0.390555 0.036000 0.052474
4 0.519000 0.428036 0.036000 0.052474
4 0.571000 0.474513 0.036000 0.052474
10 0.073000 0.559220 0.036000 0.056972
10 0.122000 0.601199 0.036000 0.056972
10 0.177000 0.646177 0.036000 0.056972
10 0.225000 0.686657 0.036000 0.056972
10 0.279000 0.730135 0.036000 0.056972
10 0.327000 0.764618 0.036000 0.056972
10 0.379000 0.806597 0.036000 0.056972
10 0.428000 0.853073 0.036000 0.056972
12 0.037500 0.637181 0.049000 0.062969
12 0.403500 0.935532 0.041000 0.062969
9 0.092000 0.690405 0.048000 0.064468
9 0.351500 0.890555 0.041000 0.056972
7 0.144000 0.720390 0.042000 0.064468
7 0.304000 0.847826 0.040000 0.064468
11 0.198000 0.768366 0.054000 0.073463
8 0.247000 0.808096 0.050000 0.074963
