4 0.193992 0.511000 0.054289 0.051000
4 0.246833 0.452250 0.051393 0.052500
4 0.300036 0.393000 0.046326 0.060000
4 0.346725 0.338250 0.042707 0.060500
4 0.396127 0.272250 0.043069 0.062500
4 0.444263 0.211750 0.038726 0.068500
4 0.486428 0.145500 0.037640 0.074000
4 0.538364 0.087000 0.038726 0.075000
3 0.444444 0.074750 0.051393 0.102500
3 0.199964 0.385250 0.072023 0.074500
6 0.146218 0.445250 0.073833 0.062500
1 0.252986 0.319750 0.063699 0.076500
1 0.398118 0.131500 0.049946 0.095000
2 0.335686 0.191000 0.069128 0.114000
5 0.288093 0.256500 0.072385 0.096000
10 0.766739 0.410000 0.053203 0.063000
10 0.712812 0.480500 0.047412 0.057000
10 0.660876 0.535500 0.046326 0.057000
10 0.608578 0.592750 0.040898 0.057500
10 0.563518 0.655000 0.042707 0.057000
10 0.512305 0.720750 0.042345 0.058500
10 0.461093 0.791750 0.041260 0.062500
10 0.410604 0.853250 0.041621 0.068500
12 0.444987 0.936750 0.049584 0.090500
12 0.824285 0.489000 0.072747 0.071000
9 0.508324 0.867750 0.048136 0.088500
9 0.773435 0.551500 0.068766 0.069000
7 0.551031 0.800500 0.047412 0.079000
7 0.714079 0.612750 0.061527 0.066500
8 0.665581 0.677250 0.062251 0.078500
11 0.608759 0.737500 0.057908 0.087000
